1 0.4078125 0.49722222222222223 0.05625 0.16944444444444445
1 0.6109375 0.5333333333333333 0.0421875 0.15833333333333333
1 0.7703125 0.36666666666666664 0.040625 0.1527777777777778
1 0.7828125 0.5166666666666667 0.0421875 0.16944444444444445
1 0.3671875 0.6888888888888889 0.053125 0.20555555555555555
1 0.153125 0.48333333333333334 0.05 0.16944444444444445
1 0.0453125 0.825 0.071875 0.19166666666666668
1 0.1171875 0.09166666666666666 0.034375 0.11944444444444445
1 0.3828125 0.28888888888888886 0.0390625 0.1388888888888889
1 0.5296875 0.15555555555555556 0.0328125 0.12777777777777777
1 0.6140625 0.2 0.025 0.12222222222222222
1 0.640625 0.18611111111111112 0.03125 0.1361111111111111
1 0.475 0.14166666666666666 0.0234375 0.125
1 0.9484375 0.19166666666666668 0.0359375 0.13333333333333333
1 0.8875 0.06944444444444445 0.0265625 0.12222222222222222
1 0.83125 0.06666666666666667 0.025 0.1111111111111111