1 0.4921875 0.4722222222222222 0.034375 0.14444444444444443
1 0.5734375 0.44722222222222224 0.0359375 0.15833333333333333
1 0.5171875 0.36944444444444446 0.034375 0.16666666666666666
1 0.653125 0.6888888888888889 0.0421875 0.19722222222222222
1 0.3828125 0.7833333333333333 0.05625 0.225
1 0.3734375 0.2638888888888889 0.028125 0.14166666666666666
1 0.3875 0.18611111111111112 0.0359375 0.125
1 0.8484375 0.3416666666666667 0.0375 0.17222222222222222
1 0.9453125 0.375 0.0453125 0.16944444444444445
1 0.940625 0.9166666666666666 0.065625 0.1638888888888889
1 0.6515625 0.6833333333333333 0.053125 0.18611111111111112
1 0.3828125 0.7694444444444445 0.0546875 0.24166666666666667
1 0.071875 0.6916666666666667 0.0609375 0.18055555555555555
1 0.1625 0.08055555555555556 0.0328125 0.11944444444444445