1 0.3890625 0.6611111111111111 0.0609375 0.18888888888888888
1 0.3015625 0.6833333333333333 0.05625 0.175
1 0.0953125 0.7666666666666667 0.0640625 0.18055555555555555
1 0.8296875 0.26944444444444443 0.0453125 0.15
1 0.953125 0.4444444444444444 0.0453125 0.17777777777777778
1 0.203125 0.06666666666666667 0.03125 0.10555555555555556
1 0.11875 0.06388888888888888 0.0515625 0.11944444444444445
1 0.0515625 0.1638888888888889 0.040625 0.11944444444444445
1 0.3671875 0.21666666666666667 0.03125 0.14444444444444443
1 0.3875 0.13333333333333333 0.0328125 0.11944444444444445
1 0.4890625 0.19722222222222222 0.0296875 0.14166666666666666
1 0.434375 0.075 0.025 0.12777777777777777
1 0.6171875 0.2 0.0359375 0.125