1 0.9328125 0.3472222222222222 0.040625 0.15833333333333333
1 0.8109375 0.17222222222222222 0.0359375 0.15
1 0.6296875 0.125 0.034375 0.11388888888888889
1 0.6640625 0.38333333333333336 0.0375 0.15833333333333333
1 0.628125 0.49166666666666664 0.0390625 0.1361111111111111
1 0.5515625 0.37777777777777777 0.034375 0.12777777777777777
1 0.5734375 0.2611111111111111 0.0359375 0.15
1 0.48125 0.2833333333333333 0.025 0.1388888888888889
1 0.521875 0.575 0.0515625 0.16944444444444445
1 0.5109375 0.7333333333333333 0.053125 0.17777777777777778
1 0.378125 0.4861111111111111 0.0703125 0.19166666666666668
1 0.284375 0.06388888888888888 0.0328125 0.10555555555555556
1 0.3671875 0.10833333333333334 0.03125 0.11388888888888889
1 0.3890625 0.05555555555555555 0.0328125 0.10833333333333334
1 0.046875 0.7222222222222222 0.0515625 0.17222222222222222
1 0.303125 0.8722222222222222 0.0703125 0.17777777777777778
1 0.275 0.6805555555555556 0.046875 0.15833333333333333
1 0.975 0.20833333333333334 0.028125 0.12777777777777777
1 0.95 0.2 0.03125 0.12222222222222222
1 0.5015625 0.05277777777777778 0.028125 0.10277777777777777
1 0.53125 0.04722222222222222 0.0171875 0.09166666666666666