1 0.6453125 0.7611111111111111 0.0609375 0.19166666666666668
1 0.8125 0.5361111111111111 0.0453125 0.18333333333333332
1 0.83125 0.6972222222222222 0.046875 0.2
1 0.93125 0.5555555555555556 0.0375 0.19722222222222222
1 0.61875 0.41388888888888886 0.034375 0.17222222222222222
1 0.403125 0.3472222222222222 0.0375 0.13333333333333333
1 0.3734375 0.49166666666666664 0.0375 0.16111111111111112
1 0.0234375 0.11944444444444445 0.0375 0.1
1 0.1296875 0.6611111111111111 0.0578125 0.16666666666666666
1 0.315625 0.4111111111111111 0.0421875 0.15
1 0.85 0.08333333333333333 0.01875 0.10555555555555556
1 0.871875 0.08611111111111111 0.0203125 0.10833333333333334
1 0.578125 0.7083333333333334 0.04375 0.18611111111111112