1 0.609375 0.46111111111111114 0.0421875 0.14166666666666666
1 0.7890625 0.4305555555555556 0.0375 0.15555555555555556
1 0.8 0.5944444444444444 0.0390625 0.18333333333333332
1 0.7109375 0.7277777777777777 0.059375 0.175
1 0.60625 0.8222222222222222 0.059375 0.175
1 0.9515625 0.625 0.059375 0.2
1 0.36875 0.5805555555555556 0.0515625 0.19444444444444445
1 0.4078125 0.41388888888888886 0.0296875 0.16111111111111112
1 0.4953125 0.26944444444444443 0.040625 0.12222222222222222
1 0.5296875 0.2 0.021875 0.14722222222222223
1 0.3796875 0.2222222222222222 0.03125 0.14166666666666666
1 0.3171875 0.3638888888888889 0.05 0.15555555555555556
1 0.0703125 0.8527777777777777 0.0625 0.18888888888888888
1 0.1390625 0.5694444444444444 0.053125 0.1638888888888889
1 0.15625 0.06111111111111111 0.0453125 0.11388888888888889
1 0.8890625 0.08611111111111111 0.0171875 0.14444444444444443
1 0.58125 0.11944444444444445 0.028125 0.10277777777777777