1 0.04375 0.6944444444444444 0.0578125 0.18055555555555555
1 0.5015625 0.6527777777777778 0.046875 0.18888888888888888
1 0.828125 0.6666666666666666 0.0453125 0.18611111111111112
1 0.4 0.18611111111111112 0.0421875 0.1527777777777778
1 0.5046875 0.20833333333333334 0.0359375 0.1527777777777778
1 0.5375 0.2 0.03125 0.11666666666666667
1 0.0296875 0.175 0.0390625 0.11666666666666667
1 0.090625 0.28888888888888886 0.05625 0.1527777777777778
1 0.4125 0.4722222222222222 0.0453125 0.1638888888888889
1 0.8390625 0.09166666666666666 0.040625 0.1361111111111111
1 0.9640625 0.1638888888888889 0.028125 0.12777777777777777
1 0.675 0.09166666666666666 0.025 0.10833333333333334
1 0.55625 0.125 0.0265625 0.10555555555555556
1 0.825 0.6694444444444444 0.04375 0.19166666666666668
1 0.7640625 0.8416666666666667 0.0640625 0.175
1 0.5578125 0.6611111111111111 0.0484375 0.17222222222222222