1 0.4890625 0.4 0.0390625 0.16666666666666666
1 0.38125 0.3388888888888889 0.053125 0.15555555555555556
1 0.4046875 0.7333333333333333 0.046875 0.19444444444444445
1 0.546875 0.7694444444444445 0.0515625 0.20555555555555555
1 0.2609375 0.8861111111111111 0.0578125 0.19444444444444445
1 0.946875 0.45 0.0515625 0.18611111111111112
1 0.6578125 0.24166666666666667 0.0390625 0.1388888888888889
1 0.7875 0.09166666666666666 0.0390625 0.1388888888888889
1 0.5 0.09444444444444444 0.0328125 0.12222222222222222
1 0.528125 0.09444444444444444 0.0234375 0.11388888888888889
1 0.6515625 0.6527777777777778 0.0515625 0.16111111111111112
1 0.1171875 0.17222222222222222 0.040625 0.14444444444444443