1 0.503125 0.5583333333333333 0.0484375 0.18055555555555555
1 0.9625 0.5944444444444444 0.05 0.19722222222222222
1 0.6734375 0.9 0.059375 0.16111111111111112
1 0.6 0.7638888888888888 0.059375 0.18611111111111112
1 0.5515625 0.17222222222222222 0.0203125 0.11666666666666667
1 0.53125 0.16944444444444445 0.025 0.12777777777777777
1 0.4984375 0.16944444444444445 0.0390625 0.1361111111111111
1 0.390625 0.24166666666666667 0.040625 0.15
1 0.103125 0.25 0.0484375 0.15
1 0.4421875 0.058333333333333334 0.025 0.11388888888888889
1 0.8828125 0.12222222222222222 0.034375 0.12222222222222222
1 0.9625 0.08333333333333333 0.028125 0.13333333333333333
1 0.93125 0.08888888888888889 0.03125 0.1388888888888889
1 0.9765625 0.1361111111111111 0.040625 0.1361111111111111
1 0.4078125 0.5472222222222223 0.046875 0.16944444444444445