0 0.7796875 0.45 0.103125 0.5416666666666666
0 0.5234375 0.4527777777777778 0.0578125 0.3388888888888889
0 0.45 0.40555555555555556 0.046875 0.2722222222222222
0 0.3953125 0.375 0.04375 0.2861111111111111
0 0.3453125 0.37777777777777777 0.0375 0.21388888888888888
0 0.315625 0.3611111111111111 0.0296875 0.18888888888888888
0 0.2828125 0.3638888888888889 0.0328125 0.18611111111111112
0 0.23125 0.36666666666666664 0.025 0.19444444444444445
0 0.1828125 0.35833333333333334 0.0203125 0.15555555555555556
0 0.1578125 0.35833333333333334 0.025 0.12222222222222222
0 0.1046875 0.3472222222222222 0.0203125 0.125